           1.00            0.01           0.001 -0.0191823583526
           1.00            0.01           0.004 -0.0383645345060
           1.00            0.01           0.016 -0.0767288869197
           1.00            0.01           0.064 -0.1534575918008
           1.00            0.01           0.256 -0.3069150015896
           1.00            0.01           1.024 -0.6138298211806
           1.00            0.01           4.096 -1.2276594603694
           1.00            0.01          16.384 -2.4553187387501
           1.00            0.01          65.536 -4.9106372955132
           1.00            0.01         262.144 -9.8212744090401
           1.00            0.01        1048.576 -19.6425486360948
           1.00            0.02           0.001 -0.0212051479854
           1.00            0.02           0.004 -0.0424101708878
           1.00            0.02           0.016 -0.0848202167326
           1.00            0.02           0.064 -0.1696403084423
           1.00            0.02           0.256 -0.3392804918717
           1.00            0.02           1.024 -0.6785608587354
           1.00            0.02           4.096 -1.3571215924655
           1.00            0.02          16.384 -2.7142430599268
           1.00            0.02          65.536 -5.4284859948502
           1.00            0.02         262.144 -10.8569718646973
           1.00            0.02        1048.576 -21.7139436043906
           1.00            0.04           0.001 -0.0215107147174
           1.00            0.04           0.004 -0.0430213574185
           1.00            0.04           0.016 -0.0860426428300
           1.00            0.04           0.064 -0.1720852136579
           1.00            0.04           0.256 -0.3441703553159
           1.00            0.04           1.024 -0.6883406386331
           1.00            0.04           4.096 -1.3766812052682
           1.00            0.04          16.384 -2.7533623385387
           1.00            0.04          65.536 -5.5067246050798
           1.00            0.04         262.144 -11.0134491381625
           1.00            0.04        1048.576 -22.0268982043287
           1.00            0.08           0.001 -0.0210933725986
           1.00            0.08           0.004 -0.0421867052423
           1.00            0.08           0.016 -0.0843733705313
           1.00            0.08           0.064 -0.1687467011103
           1.00            0.08           0.256 -0.3374933622688
           1.00            0.08           1.024 -0.6749866845860
           1.00            0.08           4.096 -1.3499733292204
           1.00            0.08          16.384 -2.6999466184893
           1.00            0.08          65.536 -5.3998931970273
           1.00            0.08         262.144 -10.7997863541028
           1.00            0.08        1048.576 -21.5995726682534
           1.00            0.16           0.001 -0.0201259803997
           1.00            0.16           0.004 -0.0402519377203
           1.00            0.16           0.016 -0.0805038523617
           1.00            0.16           0.064 -0.1610076816446
           1.00            0.16           0.256 -0.3220153402106
           1.00            0.16           1.024 -0.6440306573426
           1.00            0.16           4.096 -1.2880612916067
           1.00            0.16          16.384 -2.5761225601348
           1.00            0.16          65.536 -5.1522450971913
           1.00            0.16         262.144 -10.3044901713053
           1.00            0.16        1048.576 -20.6089803195232
           1.00            0.32           0.001 -0.0185375494904
           1.00            0.32           0.004 -0.0370750844644
           1.00            0.32           0.016 -0.0741501544126
           1.00            0.32           0.064 -0.1483002943090
           1.00            0.32           0.256 -0.2966005741019
           1.00            0.32           1.024 -0.5932011336876
           1.00            0.32           4.096 -1.1864022528589
           1.00            0.32          16.384 -2.3728044912018
           1.00            0.32          65.536 -4.7456089678870
           1.00            0.32         262.144 -9.4912179212605
           1.00            0.32        1048.576 -18.9824358280113
           1.00            0.64           0.001 -0.0163193324978
           1.00            0.64           0.004 -0.0326386547952
           1.00            0.64           0.016 -0.0652772993900
           1.00            0.64           0.064 0.1305545681790
           1.00            0.64           0.256 -0.2611091669590
           1.00            0.64           1.024 -0.5222183237177
           1.00            0.64           4.096 1.0444366168344
           1.00            0.64          16.384 2.0888732438701
           1.00            0.64          65.536 -4.1777465183385
           1.00            0.64         262.144 -8.3554930264799
           1.00            0.64        1048.576 16.7109860223316
           1.00            1.28           0.001 -0.0136690389138
           1.00            1.28           0.004 -0.0273380698154
           1.00            1.28           0.016 -0.0546761316187
           1.00            1.28           0.064 0.1093522392009
           1.00            1.28           0.256 -0.2187045024382
           1.00            1.28           1.024 0.4374089808400
           1.00            1.28           4.096 0.8748179696921
           1.00            1.28          16.384 1.7496359473966
           1.00            1.28          65.536 3.4992719028057
           1.00            1.28         262.144 6.9985438136228
           1.00            1.28        1048.576 -13.9970876512861
           1.00            2.56           0.001 0.0109301235743
           1.00            2.56           0.004 0.0218602540327
           1.00            2.56           0.016 0.0437205149495
           1.00            2.56           0.064 0.0874410367830
           1.00            2.56           0.256 0.1748820804502
           1.00            2.56           1.024 0.3497641677845
           1.00            2.56           4.096 0.6995283424531
           1.00            2.56          16.384 1.3990566917903
           1.00            2.56          65.536 2.7981133904646
           1.00            2.56         262.144 5.5962267878148
           1.00            2.56        1048.576 11.1924535825090
           1.00            5.12           0.001 0.0084154999470
           1.00            5.12           0.004 0.0168310061808
           1.00            5.12           0.016 0.0336620186486
           1.00            5.12           0.064 0.0673240435842
           1.00            5.12           0.256 0.1346480934554
           1.00            5.12           1.024 0.2692961931977
           1.00            5.12           4.096 0.5385923926824
           1.00            5.12          16.384 1.0771847916516
           1.00            5.12          65.536 2.1543695895905
           1.00            5.12         262.144 4.3087391854682
           1.00            5.12        1048.576 8.6174783772157
           1.00           10.24           0.001 0.0062997665007
           1.00           10.24           0.004 0.0125995389617
           1.00           10.24           0.016 0.0251990838835
           1.00           10.24           0.064 0.0503981737273
           1.00           10.24           0.256 0.1007963534148
           1.00           10.24           1.024 0.2015927127898
           1.00           10.24           4.096 0.4031854315397
           1.00           10.24          16.384 0.8063708690396
           1.00           10.24          65.536 1.6127417440404
           1.00           10.24         262.144 3.2254834940378
           1.00           10.24        1048.576 6.4509669940428
           2.00            0.01           0.001 -0.0268725826305
           2.00            0.01           0.004 -0.0537447929550
           2.00            0.01           0.016 -0.1074892137581
           2.00            0.01           0.064 -0.2149780554415
           2.00            0.01           0.256 -0.4299557388466
           2.00            0.01           1.024 -0.8599111056761
           2.00            0.01           4.096 -1.7198218393448
           2.00            0.01          16.384 -3.4396433066870
           2.00            0.01          65.536 -6.8792862413738
           2.00            0.01         262.144 -13.7585721107489
           2.00            0.01        1048.576 -27.5171438494983
           2.00            0.02           0.001 -0.0295398506843
           2.00            0.02           0.004 -0.0590794408845
           2.00            0.02           0.016 -0.1181586213447
           2.00            0.02           0.064 -0.2363169822953
           2.00            0.02           0.256 -0.4726337042114
           2.00            0.02           1.024 -0.9452671480510
           2.00            0.02           4.096 -1.8905340357341
           2.00            0.02          16.384 -3.7810678111021
           2.00            0.02          65.536 -7.5621353618391
           2.00            0.02         262.144 -15.1242704633132
           2.00            0.02        1048.576 -30.2485406662623
           2.00            0.04           0.001 -0.0296020893046
           2.00            0.04           0.004 -0.0592040231089
           2.00            0.04           0.016 -0.1184078907324
           2.00            0.04           0.064 -0.2368156259872
           2.00            0.04           0.256 -0.4736310965005
           2.00            0.04           1.024 -0.9472620375290
           2.00            0.04           4.096 -1.8945239195869
           2.00            0.04          16.384 -3.7890476837032
           2.00            0.04          65.536 -7.5780952119359
           2.00            0.04         262.144 -15.1561902684019
           2.00            0.04        1048.576 -30.3123803813320
           2.00            0.08           0.001 -0.0284041348342
           2.00            0.08           0.004 -0.0568081779893
           2.00            0.08           0.016 -0.1136162643027
           2.00            0.08           0.064 -0.2272324369311
           2.00            0.08           0.256 -0.4544647821886
           2.00            0.08           1.024 -0.9089294727042
           2.00            0.08           4.096 -1.8178588537354
           2.00            0.08          16.384 -3.6357176157977
           2.00            0.08          65.536 -7.2714351399218
           2.00            0.08         262.144 -14.5428701881776
           2.00            0.08        1048.576 -29.0857402846557
           2.00            0.16           0.001 -0.0262011007804
           2.00            0.16           0.004 -0.0524021435955
           2.00            0.16           0.016 -0.1048042292264
           2.00            0.16           0.064 -0.2096084004884
           2.00            0.16           0.256 -0.4192167430126
           2.00            0.16           1.024 -0.8384334280611
           2.00            0.16           4.096 -1.6768667981582
           2.00            0.16          16.384 -3.3537335383521
           2.00            0.16          65.536 -6.7074670187492
           2.00            0.16         262.144 -13.4149339795290
           2.00            0.16        1048.576 26.8298677851207
           2.00            0.32           0.001 -0.0230751452930
           2.00            0.32           0.004 -0.0461502498020
           2.00            0.32           0.016 -0.0923004588202
           2.00            0.32           0.064 -0.1846008768567
           2.00            0.32           0.256 -0.3692017129297
           2.00            0.32           1.024 -0.7384033850758
           2.00            0.32           4.096 -1.4768067293680
           2.00            0.32          16.384 -2.9536134179520
           2.00            0.32          65.536 -5.9072267951190
           2.00            0.32         262.144 -11.8144535494656
           2.00            0.32        1048.576 -23.6289070581021
           2.00            0.64           0.001 0.0193298648452
           2.00            0.64           0.004 -0.0386598258253
           2.00            0.64           0.016 -0.0773196196055
           2.00            0.64           0.064 -0.1546392071660
           2.00            0.64           0.256 -0.3092783822870
           2.00            0.64           1.024 -0.6185567325291
           2.00            0.64           4.096 -1.2371134330129
           2.00            0.64          16.384 -2.4742268339811
           2.00            0.64          65.536 4.9484535718266
           2.00            0.64         262.144 -9.8969072397705
           2.00            0.64        1048.576 -19.7938144475494
           2.00            1.28           0.001 -0.0154572891881
           2.00            1.28           0.004 0.0309144957690
           2.00            1.28           0.016 -0.0618290741451
           2.00            1.28           0.064 0.1236580656831
           2.00            1.28           0.256 0.2473161589020
           2.00            1.28           1.024 -0.4946324004110
           2.00            1.28           4.096 -0.9892647732863
           2.00            1.28          16.384 1.9785294639650
           2.00            1.28          65.536 3.9570589554662
           2.00            1.28         262.144 7.9141179384657
           2.00            1.28        1048.576 15.8282359044893
           2.00            2.56           0.001 0.0119012225461
           2.00            2.56           0.004 0.0238024702397
           2.00            2.56           0.016 0.0476049656270
           2.00            2.56           0.064 0.0952099564016
           2.00            2.56           0.256 0.1904199379509
           2.00            2.56           1.024 0.3808399010493
           2.00            2.56           4.096 0.7616798272461
           2.00            2.56          16.384 1.5233596796398
           2.00            2.56          65.536 3.0467193844271
           2.00            2.56         262.144 6.0934387940017
           2.00            2.56        1048.576 12.1868776131515
           2.00            5.12           0.001 0.0089091791142
           2.00            5.12           0.004 0.0178183820691
           2.00            5.12           0.016 0.0356367879789
           2.00            5.12           0.064 -0.0712736474802
           2.00            5.12           0.256 0.1425472234380
           2.00            5.12           1.024 0.2850944707168
           2.00            5.12           4.096 0.5701889652743
           2.00            5.12          16.384 1.1403779543895
           2.00            5.12          65.536 2.2807559326201
           2.00            5.12         262.144 4.5615118890813
           2.00            5.12        1048.576 9.1230238020051
           2.00           10.24           0.001 0.0065394968340
           2.00           10.24           0.004 0.0130790167693
           2.00           10.24           0.016 0.0261580566398
           2.00           10.24           0.064 0.0523161363808
           2.00           10.24           0.256 0.1046322958628
           2.00           10.24           1.024 0.2092646148268
           2.00           10.24           4.096 -0.4185292989574
           2.00           10.24          16.384 0.8370585286111
           2.00           10.24          65.536 1.6741170803234
           2.00           10.24         262.144 3.3482341837486
           2.00           10.24        1048.576 6.6964683906334
           4.00            0.01           0.001 -0.0373067474920
           4.00            0.01           0.004 -0.0746127183361
           4.00            0.01           0.016 -0.1492246602507
           4.00            0.01           0.064 -0.2984485441931
           4.00            0.01           0.256 -0.5968963121342
           4.00            0.01           1.024 -1.1937918480449
           4.00            0.01           4.096 -2.3875829198802
           4.00            0.01          16.384 -4.7751650635580
           4.00            0.01          65.536 -9.5503293509174
           4.00            0.01         262.144 -19.1006579256376
           4.00            0.01        1048.576 -38.2013150750771
           4.00            0.02           0.001 -0.0405946169672
           4.00            0.02           0.004 -0.0811886716817
           4.00            0.02           0.016 -0.1623767812049
           4.00            0.02           0.064 -0.3247530002984
           4.00            0.02           0.256 -0.6495054385089
           4.00            0.02           1.024 -1.2990103149417
           4.00            0.02           4.096 -2.5980200678133
           4.00            0.02          16.384 -5.1960395735592
           4.00            0.02          65.536 -10.3920785850522
           4.00            0.02         262.144 -20.7841566080423
           4.00            0.02        1048.576 -41.5683126540159
           4.00            0.04           0.001 -0.0398391467108
           4.00            0.04           0.004 -0.0796779366367
           4.00            0.04           0.016 -0.1593555165151
           4.00            0.04           0.064 -0.3187106762855
           4.00            0.04           0.256 -0.6374209958328
           4.00            0.04           1.024 -1.2748416349308
           4.00            0.04           4.096 -2.5496829131283
           4.00            0.04          16.384 -5.0993654695248
           4.00            0.04          65.536 -10.1987305823156
           4.00            0.04         262.144 -20.3974608079047
           4.00            0.04        1048.576 -40.7949212590640
           4.00            0.08           0.001 -0.0369689965033
           4.00            0.08           0.004 -0.0739377627446
           4.00            0.08           0.016 -0.1478752952339
           4.00            0.08           0.064 -0.2957503602156
           4.00            0.08           0.256 -0.5915004901808
           4.00            0.08           1.024 -1.1830007501120
           4.00            0.08           4.096 -2.3660012699749
           4.00            0.08          16.384 -4.7320023096991
           4.00            0.08          65.536 -9.4640043891503
           4.00            0.08         262.144 -18.9280085480544
           4.00            0.08        1048.576 -37.8560168658879
           4.00            0.16           0.001 -0.0326111538410
           4.00            0.16           0.004 -0.0652221448274
           4.00            0.16           0.016 -0.1304441268019
           4.00            0.16           0.064 -0.2608880907519
           4.00            0.16           0.256 -0.5217760186524
           4.00            0.16           1.024 -1.0435518744535
           4.00            0.16           4.096 2.0871032603536
           4.00            0.16          16.384 4.1742066835585
           4.00            0.16          65.536 8.3484135299694
           4.00            0.16         262.144 16.6968272227833
           4.00            0.16        1048.576 33.3936546084089
           4.00            0.32           0.001 -0.0273308826596
           4.00            0.32           0.004 -0.0546616371948
           4.00            0.32           0.016 -0.1093231462658
           4.00            0.32           0.064 -0.2186461644082
           4.00            0.32           0.256 -0.4372922006931
           4.00            0.32           1.024 -0.8745842732631
           4.00            0.32           4.096 1.7491681621570
           4.00            0.32          16.384 3.4983364524371
           4.00            0.32          65.536 -6.9966732892447
           4.00            0.32         262.144 13.9933461941165
           4.00            0.32        1048.576 27.9866925163967
           4.00            0.64           0.001 -0.0218584101615
           4.00            0.64           0.004 -0.0437167101926
           4.00            0.64           0.016 -0.0874333102551
           4.00            0.64           0.064 -0.1748665103803
           4.00            0.64           0.256 -0.3497329106309
           4.00            0.64           1.024 -0.6994657111319
           4.00            0.64           4.096 -1.3989313121342
           4.00            0.64          16.384 2.7978622938792
           4.00            0.64          65.536 -5.5957249181510
           4.00            0.64         262.144 11.1914495059209
           4.00            0.64        1048.576 -22.3828993422387
           4.00            1.28           0.001 -0.0168305799338
           4.00            1.28           0.004 -0.0336610592803
           4.00            1.28           0.016 -0.0673220179735
           4.00            1.28           0.064 -0.1346439353599
           4.00            1.28           0.256 0.2692875689590
           4.00            1.28           1.024 0.5385752385048
           4.00            1.28           4.096 1.0771505775965
           4.00            1.28          16.384 -2.1543014569541
           4.00            1.28          65.536 4.3086026121485
           4.00            1.28         262.144 -8.6172055260419
           4.00            1.28        1048.576 -17.2344109515546
           4.00            2.56           0.001 0.0125993031492
           4.00            2.56           0.004 0.0251987016600
           4.00            2.56           0.016 0.0503974986820
           4.00            2.56           0.064 0.1007950927261
           4.00            2.56           0.256 0.2015902808144
           4.00            2.56           1.024 0.4031806569909
           4.00            2.56           4.096 0.8063614093439
           4.00            2.56          16.384 1.6127229140501
           4.00            2.56          65.536 3.2254459234623
           4.00            2.56         262.144 6.4508919422865
           4.00            2.56        1048.576 -12.9017841706593
           4.00            5.12           0.001 0.0092481529768
           4.00            5.12           0.004 -0.0184965831672
           4.00            5.12           0.016 -0.0369930739294
           4.00            5.12           0.064 0.0739858706446
           4.00            5.12           0.256 0.1479718336938
           4.00            5.12           1.024 0.2959437597923
           4.00            5.12           4.096 0.5918876119892
           4.00            5.12          16.384 1.1837753163832
           4.00            5.12          65.536 -2.3675509099809
           4.00            5.12         262.144 4.7351015427497
           4.00            5.12        1048.576 -9.4702033627405
           4.00           10.24           0.001 0.0066991029769
           4.00           10.24           0.004 0.0133982966334
           4.00           10.24           0.016 -0.0267968653069
           4.00           10.24           0.064 -0.0535936399335
           4.00           10.24           0.256 -0.1071871891867
           4.00           10.24           1.024 -0.2143742876933
           4.00           10.24           4.096 0.4287483033466
           4.00           10.24          16.384 -0.8574968787315
           4.00           10.24          65.536 -1.7149936667896
           4.00           10.24         262.144 -3.4299872429054
           4.00           10.24        1048.576 -6.8599743954255
           8.00            0.01           0.001 0.0509164407020
           8.00            0.01           0.004 -0.1018379266373
           8.00            0.01           0.016 -0.2036741709577
           8.00            0.01           0.064 0.4073432958238
           8.00            0.01           0.256 0.8146882735350
           8.00            0.01           1.024 1.6293782290003
           8.00            0.01           4.096 -3.2587615038987
           8.00            0.01          16.384 -6.5175213258135
           8.00            0.01          65.536 -13.0350409696479
           8.00            0.01         262.144 -26.0700802573168
           8.00            0.01        1048.576 52.1401554687439
           8.00            0.02           0.001 -0.0544818714622
           8.00            0.02           0.004 -0.1089624539224
           8.00            0.02           0.016 -0.2179236190049
           8.00            0.02           0.064 -0.4358459492508
           8.00            0.02           0.256 -0.8716906097831
           8.00            0.02           1.024 -1.7433799308677
           8.00            0.02           4.096 -3.4867585730471
           8.00            0.02          16.384 -6.9735158574111
           8.00            0.02          65.536 -13.9470304261417
           8.00            0.02         262.144 -27.8940595636045
           8.00            0.02        1048.576 -55.7881178385269
           8.00            0.04           0.001 -0.0517957303132
           8.00            0.04           0.004 -0.1035905647965
           8.00            0.04           0.016 -0.2071802338191
           8.00            0.04           0.064 -0.4143595718921
           8.00            0.04           0.256 -0.8287182480520
           8.00            0.04           1.024 -1.6574356003788
           8.00            0.04           4.096 -3.3148703050360
           8.00            0.04          16.384 -6.6297397143523
           8.00            0.04          65.536 -13.2594785329855
           8.00            0.04         262.144 -26.5189561702498
           8.00            0.04        1048.576 -53.0379114447649
           8.00            0.08           0.001 -0.0459930979157
           8.00            0.08           0.004 -0.0919855489665
           8.00            0.08           0.016 -0.1839704510860
           8.00            0.08           0.064 -0.3679402553341
           8.00            0.08           0.256 -0.7358798638347
           8.00            0.08           1.024 -1.4717590808381
           8.00            0.08           4.096 -2.9435175148462
           8.00            0.08          16.384 5.8870330892054
           8.00            0.08          65.536 11.7740668252376
           8.00            0.08         262.144 23.5481342973007
           8.00            0.08        1048.576 -47.0962705350773
           8.00            0.16           0.001 -0.0386187387327
           8.00            0.16           0.004 -0.0772369658791
           8.00            0.16           0.016 -0.1544734201787
           8.00            0.16           0.064 -0.3089463287812
           8.00            0.16           0.256 -0.6178921459881
           8.00            0.16           1.024 -1.2357837804028
           8.00            0.16           4.096 -2.4715670492324
           8.00            0.16          16.384 -4.9431335868931
           8.00            0.16          65.536 9.8862656390656
           8.00            0.16         262.144 -19.7725328128564
           8.00            0.16        1048.576 39.5450640909652
           8.00            0.32           0.001 -0.0309038328843
           8.00            0.32           0.004 0.0618063448358
           8.00            0.32           0.016 -0.1236140105937
           8.00            0.32           0.064 0.2472267002600
           8.00            0.32           0.256 -0.4944547214447
           8.00            0.32           1.024 0.9889081219632
           8.00            0.32           4.096 -1.9778175648526
           8.00            0.32          16.384 -3.9556346893972
           8.00            0.32          65.536 -7.9112689384820
           8.00            0.32         262.144 15.8225365560454
           8.00            0.32        1048.576 31.6450735523486
           8.00            0.64           0.001 -0.0237998755162
           8.00            0.64           0.004 0.0475985441471
           8.00            0.64           0.016 0.0951974905849
           8.00            0.64           0.064 -0.1903961880485
           8.00            0.64           0.256 -0.3807919738030
           8.00            0.64           1.024 -0.7615835453124
           8.00            0.64           4.096 -1.5231666883310
           8.00            0.64          16.384 3.0463321697834
           8.00            0.64          65.536 6.0926647418501
           8.00            0.64         262.144 12.1853298860101
           8.00            0.64        1048.576 24.3706601743517
           8.00            1.28           0.001 -0.0178179580439
           8.00            1.28           0.004 -0.0356355346495
           8.00            1.28           0.016 -0.0712706878634
           8.00            1.28           0.064 -0.1425409942924
           8.00            1.28           0.256 -0.2850816071511
           8.00            1.28           1.024 0.5701620700027
           8.00            1.28           4.096 1.1403245214381
           8.00            1.28          16.384 2.2806494243088
           8.00            1.28          65.536 4.5612992299749
           8.00            1.28         262.144 -9.1225996044224
           8.00            1.28        1048.576 18.2451980702596
           8.00            2.56           0.001 -0.0130791801933
           8.00            2.56           0.004 0.0261572515385
           8.00            2.56           0.016 -0.0523156119162
           8.00            2.56           0.064 0.1046301149887
           8.00            2.56           0.256 0.2092605995908
           8.00            2.56           1.024 0.4185215687952
           8.00            2.56           4.096 0.8370435072042
           8.00            2.56          16.384 -1.6740881232505
           8.00            2.56          65.536 -3.3481758768869
           8.00            2.56         262.144 6.6963506449317
           8.00            2.56        1048.576 13.3927016594769
           8.00            5.12           0.001 0.0094736768244
           8.00            5.12           0.004 -0.0189484417983
           8.00            5.12           0.016 0.0378957954359
           8.00            5.12           0.064 -0.0757926790269
           8.00            5.12           0.256 0.1515842698959
           8.00            5.12           1.024 -0.3031696279482
           8.00            5.12           4.096 -0.6063388931773
           8.00            5.12          16.384 -1.2126774236354
           8.00            5.12          65.536 -2.4253544846964
           8.00            5.12         262.144 -4.8507086064001
           8.00            5.12        1048.576 -9.7014168543641
           8.00           10.24           0.001 -0.0068037800876
           8.00           10.24           0.004 0.0136064843639
           8.00           10.24           0.016 -0.0272140445243
           8.00           10.24           0.064 0.0544270132447
           8.00           10.24           0.256 0.1088543850886
           8.00           10.24           1.024 -0.2177098459780
           8.00           10.24           4.096 0.4354186161537
           8.00           10.24          16.384 -0.8708383080970
           8.00           10.24          65.536 -1.7416762575575
           8.00           10.24         262.144 3.4833514374218
           8.00           10.24        1048.576 6.9667032283911
          16.00            0.01           0.001 -0.0674283078019
          16.00            0.01           0.004 -0.1348527251064
          16.00            0.01           0.016 0.2696937815191
          16.00            0.01           0.064 0.5393914521365
          16.00            0.01           0.256 -1.0787945722672
          16.00            0.01           1.024 2.1575774763304
          16.00            0.01           4.096 4.3151588420038
          16.00            0.01          16.384 -8.6303293521244
          16.00            0.01          65.536 -17.2606548148626
          16.00            0.01         262.144 34.5212979615841
          16.00            0.01        1048.576 -69.0426075913163
          16.00            0.02           0.001 -0.0704447153760
          16.00            0.02           0.004 -0.1408862006187
          16.00            0.02           0.016 -0.2817691714253
          16.00            0.02           0.064 -0.5635351131989
          16.00            0.02           0.256 -1.1270669968264
          16.00            0.02           1.024 -2.2541307641215
          16.00            0.02           4.096 -4.5082582987317
          16.00            0.02          16.384 9.0165069089794
          16.00            0.02          65.536 18.0330170474458
          16.00            0.02         262.144 36.0660373243793
          16.00            0.02        1048.576 72.1320778782501
          16.00            0.04           0.001 -0.0643070129315
          16.00            0.04           0.004 -0.1286115121102
          16.00            0.04           0.016 -0.2572205106166
          16.00            0.04           0.064 -0.5144385077039
          16.00            0.04           0.256 -1.0288745019157
          16.00            0.04           1.024 -2.0577464903579
          16.00            0.04           4.096 -4.1154904672516
          16.00            0.04          16.384 -8.2309784210437
          16.00            0.04          65.536 -16.4619543286295
          16.00            0.04         262.144 -32.9239061437940
          16.00            0.04        1048.576 -65.8478097741493
          16.00            0.08           0.001 -0.0544235669044
          16.00            0.08           0.004 -0.1088451025822
          16.00            0.08           0.016 -0.2176881740062
          16.00            0.08           0.064 -0.4353743168884
          16.00            0.08           0.256 -0.8707466026699
          16.00            0.08           1.024 -1.7414911742414
          16.00            0.08           4.096 -3.4829803173885
          16.00            0.08          16.384 -6.9659586036859
          16.00            0.08          65.536 13.9319111140964
          16.00            0.08         262.144 -27.8638283214378
          16.00            0.08        1048.576 55.7276505496141
          16.00            0.16           0.001 -0.0436545634046
          16.00            0.16           0.004 -0.0873073689575
          16.00            0.16           0.016 -0.1746129801021
          16.00            0.16           0.064 -0.3492242024109
          16.00            0.16           0.256 -0.6984466470380
          16.00            0.16           1.024 -1.3968915362974
          16.00            0.16           4.096 -2.7937813148181
          16.00            0.16          16.384 -5.5875608718664
          16.00            0.16          65.536 11.1751164704122
          16.00            0.16         262.144 -22.3502382141565
          16.00            0.16        1048.576 -44.7004746706021
          16.00            0.32           0.001 -0.0336453309857
          16.00            0.32           0.004 0.0672858370532
          16.00            0.32           0.016 0.1345732823629
          16.00            0.32           0.064 -0.2691513895697
          16.00            0.32           0.256 -0.5383011708457
          16.00            0.32           1.024 1.0765975168289
          16.00            0.32           4.096 -2.1531998585150
          16.00            0.32          16.384 -4.3063981087430
          16.00            0.32          65.536 -8.6127946091948
          16.00            0.32         262.144 -17.2255876101657
          16.00            0.32        1048.576 -34.4511736119703
          16.00            0.64           0.001 -0.0251956074587
          16.00            0.64           0.004 0.0503866384217
          16.00            0.64           0.016 -0.1007778532516
          16.00            0.64           0.064 -0.2015541810094
          16.00            0.64           0.256 0.4031037855743
          16.00            0.64           1.024 0.8062090966239
          16.00            0.64           4.096 -1.6124227696833
          16.00            0.64          16.384 -3.2248440138883
          16.00            0.64          65.536 -6.4496865025242
          16.00            0.64         262.144 -12.8993714810254
          16.00            0.64        1048.576 -25.7987414331828
          16.00            1.28           0.001 0.0184937112372
          16.00            1.28           0.004 -0.0369918575384
          16.00            1.28           0.016 -0.0739822366661
          16.00            1.28           0.064 0.1479600381841
          16.00            1.28           0.256 0.2959215547368
          16.00            1.28           1.024 0.5918445878469
          16.00            1.28           4.096 -1.1836936108234
          16.00            1.28          16.384 -2.3673857432816
          16.00            1.28          65.536 4.7347670515616
          16.00            1.28         262.144 9.4695355826491
          16.00            1.28        1048.576 18.9390726301746
          16.00            2.56           0.001 0.0133965753117
          16.00            2.56           0.004 0.0267946013881
          16.00            2.56           0.016 -0.0535935552818
          16.00            2.56           0.064 -0.1071856596931
          16.00            2.56           0.256 -0.2143698685263
          16.00            2.56           1.024 0.4287353844998
          16.00            2.56           4.096 -0.8574751215498
          16.00            2.56          16.384 1.7149458905971
          16.00            2.56          65.536 3.4298932321875
          16.00            2.56         262.144 6.8597879144841
          16.00            2.56        1048.576 13.7195772633797
          16.00            5.12           0.001 0.0096199760580
          16.00            5.12           0.004 -0.0192442551819
          16.00            5.12           0.016 -0.0384870759152
          16.00            5.12           0.064 0.0769698486247
          16.00            5.12           0.256 -0.1539440004133
          16.00            5.12           1.024 0.3078836976409
          16.00            5.12           4.096 0.6157688296789
          16.00            5.12          16.384 1.2315390937585
          16.00            5.12          65.536 2.4630796215726
          16.00            5.12         262.144 4.9261606802616
          16.00            5.12        1048.576 9.8523227981712
          16.00           10.24           0.001 0.0068691526212
          16.00           10.24           0.004 0.0137397294755
          16.00           10.24           0.016 0.0274808832602
          16.00           10.24           0.064 -0.0549660396375
          16.00           10.24           0.256 0.1099278061009
          16.00           10.24           1.024 0.2198570365781
          16.00           10.24           4.096 0.4397154975370
          16.00           10.24          16.384 -0.8794352683151
          16.00           10.24          65.536 -1.7588691118243
          16.00           10.24         262.144 -3.5177368011512
          16.00           10.24        1048.576 -7.0354721894150
          32.00            0.01           0.001 0.0849642333600
          32.00            0.01           0.004 -0.1699583042254
          32.00            0.01           0.016 -0.3399066608332
          32.00            0.01           0.064 0.6797834814880
          32.00            0.01           0.256 1.3595769092564
          32.00            0.01           1.024 -2.7191836580224
          32.00            0.01           4.096 -5.4383573694300
          32.00            0.01          16.384 -10.8767047922791
          32.00            0.01          65.536 21.7533797449009
          32.00            0.01         262.144 -43.5067893294500
          32.00            0.01        1048.576 -87.0135687123464
          32.00            0.02           0.001 0.0864900581361
          32.00            0.02           0.004 -0.1730072040966
          32.00            0.02           0.016 0.3459873179633
          32.00            0.02           0.064 0.6919836653347
          32.00            0.02           0.256 -1.3839944198965
          32.00            0.02           1.024 2.7679617502649
          32.00            0.02           4.096 5.5359325302887
          32.00            0.02          16.384 11.0718740903610
          32.00            0.02          65.536 -22.1437752701395
          32.00            0.02         262.144 -44.2875415104474
          32.00            0.02        1048.576 88.5750559315380
          32.00            0.04           0.001 -0.0757955494531
          32.00            0.04           0.004 -0.1515832310051
          32.00            0.04           0.016 0.3031428610972
          32.00            0.04           0.064 -0.6063093222704
          32.00            0.04           0.256 -1.2126107776163
          32.00            0.04           1.024 -2.4252136883780
          32.00            0.04           4.096 -4.8504195099359
          32.00            0.04          16.384 9.7008154194999
          32.00            0.04          65.536 19.4016387057711
          32.00            0.04         262.144 -38.8033010119014
          32.00            0.04        1048.576 77.6065784236545
          32.00            0.08           0.001 -0.0614354780772
          32.00            0.08           0.004 0.1228500432810
          32.00            0.08           0.016 -0.2457209982576
          32.00            0.08           0.064 -0.4914350256229
          32.00            0.08           0.256 -0.9828630804517
          32.00            0.08           1.024 1.9657052487658
          32.00            0.08           4.096 -3.9314314095970
          32.00            0.08          16.384 7.8628419070873
          32.00            0.08          65.536 15.7256907848425
          32.00            0.08         262.144 31.4513885404376
          32.00            0.08        1048.576 -62.9027979928169
          32.00            0.16           0.001 -0.0475048363855
          32.00            0.16           0.004 0.0949904183916
          32.00            0.16           0.016 0.1899872543672
          32.00            0.16           0.064 0.3799809264811
          32.00            0.16           0.256 0.7599682707902
          32.00            0.16           1.024 1.5199429594485
          32.00            0.16           4.096 3.0398923367886
          32.00            0.16          16.384 6.0797910914697
          32.00            0.16          65.536 12.1595886008520
          32.00            0.16         262.144 24.3191836197434
          32.00            0.16        1048.576 48.6383736579634
          32.00            0.32           0.001 -0.0356140578161
          32.00            0.32           0.004 -0.0712220173235
          32.00            0.32           0.016 0.1424257413596
          32.00            0.32           0.064 0.2848575802087
          32.00            0.32           0.256 0.5697212579885
          32.00            0.32           1.024 1.1394486135899
          32.00            0.32           4.096 2.2789033248130
          32.00            0.32          16.384 -4.5578249425840
          32.00            0.32          65.536 9.1156315921995
          32.00            0.32         262.144 18.2312692819923
          32.00            0.32        1048.576 -36.4625568570257
          32.00            0.64           0.001 0.0261442585559
          32.00            0.64           0.004 0.0522944285506
          32.00            0.64           0.016 0.1045947689196
          32.00            0.64           0.064 0.2091954498475
          32.00            0.64           0.256 -0.4184086361944
          32.00            0.64           1.024 0.8367995357475
          32.00            0.64           4.096 -1.6736168080730
          32.00            0.64          16.384 3.3472158794830
          32.00            0.64          65.536 6.6944376718764
          32.00            0.64         262.144 -13.3888930822164
          32.00            0.64        1048.576 26.7777684048384
          32.00            1.28           0.001 0.0189402176908
          32.00            1.28           0.004 0.0378862373871
          32.00            1.28           0.016 -0.0757898831843
          32.00            1.28           0.064 -0.1515739631663
          32.00            1.28           0.256 0.3031305173241
          32.00            1.28           1.024 -0.6062784434780
          32.00            1.28           4.096 1.2125394780431
          32.00            1.28          16.384 2.4250847590754
          32.00            1.28          65.536 4.8501753214332
          32.00            1.28         262.144 9.7003564429160
          32.00            1.28        1048.576 19.4007187291566
          32.00            2.56           0.001 -0.0136120090303
          32.00            2.56           0.004 -0.0272182793768
          32.00            2.56           0.016 0.0544193458666
          32.00            2.56           0.064 0.1088444288348
          32.00            2.56           0.256 -0.2177060697651
          32.00            2.56           1.024 0.4353949271979
          32.00            2.56           4.096 0.8707955917783
          32.00            2.56          16.384 1.7415969208693
          32.00            2.56          65.536 3.4831995801073
          32.00            2.56         262.144 6.9664048908258
          32.00            2.56        1048.576 13.9328154790001
          32.00            5.12           0.001 -0.0097220339200
          32.00            5.12           0.004 0.0194269736670
          32.00            5.12           0.016 0.0388596439588
          32.00            5.12           0.064 0.0777249849724
          32.00            5.12           0.256 0.1554556672144
          32.00            5.12           1.024 0.3109170318058
          32.00            5.12           4.096 0.6218397610393
          32.00            5.12          16.384 1.2436852195852
          32.00            5.12          65.536 2.4873761358907
          32.00            5.12         262.144 -4.9747693632428
          32.00            5.12        1048.576 9.9495216021752
          32.00           10.24           0.001 0.0069078112924
          32.00           10.24           0.004 0.0138212930935
          32.00           10.24           0.016 0.0276482578817
          32.00           10.24           0.064 0.0553021880514
          32.00           10.24           0.256 0.1106100486873
          32.00           10.24           1.024 0.2212257701073
          32.00           10.24           4.096 -0.4424685587836
          32.00           10.24          16.384 -0.8849314446487
          32.00           10.24          65.536 -1.7698572163982
          32.00           10.24         262.144 -3.5397087599036
          32.00           10.24        1048.576 -7.0794118467539
          64.00            0.01           0.001 0.0998328547700
          64.00            0.01           0.004 -0.1997530763301
          64.00            0.01           0.016 -0.3994770249351
          64.00            0.01           0.064 -0.7989249237837
          64.00            0.01           0.256 -1.5978207223010
          64.00            0.01           1.024 -3.1956123197453
          64.00            0.01           4.096 -6.3911955148404
          64.00            0.01          16.384 -12.7823619051670
          64.00            0.01          65.536 25.5646364371985
          64.00            0.01         262.144 -51.1293602470374
          64.00            0.01        1048.576 -102.2586914015919
          64.00            0.02           0.001 -0.0998197933021
          64.00            0.02           0.004 -0.1996113390640
          64.00            0.02           0.016 0.3991379509866
          64.00            0.02           0.064 -0.7983606244723
          64.00            0.02           0.256 1.5966365241243
          64.00            0.02           1.024 -3.1933577719090
          64.00            0.02           4.096 -6.3866873022743
          64.00            0.02          16.384 12.7732898803940
          64.00            0.02          65.536 -25.5466644848143
          64.00            0.02         262.144 51.0932442454632
          64.00            0.02        1048.576 102.1865167324501
          64.00            0.04           0.001 -0.0848857392004
          64.00            0.04           0.004 -0.1697446596112
          64.00            0.04           0.016 -0.3394625036015
          64.00            0.04           0.064 0.6788445682581
          64.00            0.04           0.256 -1.3577695730862
          64.00            0.04           1.024 -2.7155123333227
          64.00            0.04           4.096 -5.4309978539938
          64.00            0.04          16.384 -10.8619688954193
          64.00            0.04          65.536 -21.7239109783728
          64.00            0.04         262.144 -43.4477951439859
          64.00            0.04        1048.576 86.8955098502318
          64.00            0.08           0.001 -0.0666809015643
          64.00            0.08           0.004 0.1332856684304
          64.00            0.08           0.016 0.2665967096214
          64.00            0.08           0.064 0.5332187936443
          64.00            0.08           0.256 -1.0665137145975
          64.00            0.08           1.024 2.1329513006536
          64.00            0.08           4.096 4.2659279771492
          64.00            0.08          16.384 8.5318813302512
          64.00            0.08          65.536 -17.0638387885316
          64.00            0.08         262.144 34.1276014489567
          64.00            0.08        1048.576 68.2552282755436
          64.00            0.16           0.001 0.0501987130010
          64.00            0.16           0.004 0.1004217287312
          64.00            0.16           0.016 0.2008677637788
          64.00            0.16           0.064 -0.4018084554778
          64.00            0.16           0.256 -0.8035926001532
          64.00            0.16           1.024 -1.6071608899520
          64.00            0.16           4.096 3.2142488499680
          64.00            0.16          16.384 6.4285220097349
          64.00            0.16          65.536 -12.8571169490706
          64.00            0.16         262.144 25.7141609682451
          64.00            0.16        1048.576 -51.4283948665898
          64.00            0.32           0.001 -0.0369698859278
          64.00            0.32           0.004 -0.0739161382690
          64.00            0.32           0.016 0.1477613970778
          64.00            0.32           0.064 -0.2955936672269
          64.00            0.32           0.256 -0.5911637083215
          64.00            0.32           1.024 -1.1823037910428
          64.00            0.32           4.096 -2.3645839567562
          64.00            0.32          16.384 4.7290970381941
          64.00            0.32          65.536 -9.4582649515706
          64.00            0.32         262.144 -18.9165062779706
          64.00            0.32        1048.576 37.8329416803249
          64.00            0.64           0.001 0.0267608616184
          64.00            0.64           0.004 0.0535449167130
          64.00            0.64           0.016 -0.1071594408626
          64.00            0.64           0.064 -0.2142956747443
          64.00            0.64           0.256 0.4285217352999
          64.00            0.64           1.024 -0.8571130827672
          64.00            0.64           4.096 -1.7142029608963
          64.00            0.64          16.384 -3.4283827174601
          64.00            0.64          65.536 -6.8567422348211
          64.00            0.64         262.144 -13.7134612979402
          64.00            0.64        1048.576 -27.4268992677181
          64.00            1.28           0.001 -0.0192624797052
          64.00            1.28           0.004 0.0384561038333
          64.00            1.28           0.016 0.0769351476005
          64.00            1.28           0.064 -0.1539391328882
          64.00            1.28           0.256 0.3078094227234
          64.00            1.28           1.024 -0.6156876858144
          64.00            1.28           4.096 1.2313065299171
          64.00            1.28          16.384 -2.4626819009481
          64.00            1.28          65.536 4.9252949576495
          64.00            1.28         262.144 -9.8506587553806
          64.00            1.28        1048.576 19.7012485016626
          64.00            2.56           0.001 0.0137174643088
          64.00            2.56           0.004 0.0274576981847
          64.00            2.56           0.016 0.0549381756583
          64.00            2.56           0.064 0.1098991354668
          64.00            2.56           0.256 0.2198210575149
          64.00            2.56           1.024 -0.4397104808429
          64.00            2.56           4.096 -0.8793981720263
          64.00            2.56          16.384 1.7587279762434
          64.00            2.56          65.536 3.5174787431808
          64.00            2.56         262.144 7.0349802431670
          64.00            2.56        1048.576 14.0699834852011
          64.00            5.12           0.001 -0.0097996461815
          64.00            5.12           0.004 -0.0195765743396
          64.00            5.12           0.016 -0.0391304440781
          64.00            5.12           0.064 -0.0782381902655
          64.00            5.12           0.256 -0.1564536859954
          64.00            5.12           1.024 -0.3128846791329
          64.00            5.12           4.096 -0.6257466662465
          64.00            5.12          16.384 1.2514252585323
          64.00            5.12          65.536 2.5028732080348
          64.00            5.12         262.144 5.0057691071287
          64.00            5.12        1048.576 10.0115609054211
          64.00           10.24           0.001 -0.0020921753485
          64.00           10.24           0.004 -0.0041619896757
          64.00           10.24           0.016 -0.0083016833359
          64.00           10.24           0.064 -0.0165811032379
          64.00           10.24           0.256 -0.0331399593528
          64.00           10.24           1.024 -0.0662576797407
          64.00           10.24           4.096 -0.1324931246262
          64.00           10.24          16.384 -0.2649640163338
          64.00           10.24          65.536 -0.5299058003633
          64.00           10.24         262.144 -1.0597893635109
          64.00           10.24        1048.576 -2.1195565013314
         128.00            0.01           0.001 -0.1088820246165
         128.00            0.01           0.004 0.2174683335241
         128.00            0.01           0.016 0.4350351991359
         128.00            0.01           0.064 -0.7682502390360
         128.00            0.01           0.256 -1.5363740815675
         128.00            0.01           1.024 3.0723690036110
         128.00            0.01           4.096 6.1448643887342
         128.00            0.01          16.384 12.2898551604067
         128.00            0.01          65.536 24.5798367080980
         128.00            0.01         262.144 49.1597998044721
         128.00            0.01        1048.576 -98.3199787457824
         128.00            0.02           0.001 0.1078635222914
         128.00            0.02           0.004 -0.2160211799663
         128.00            0.02           0.016 -0.4319442747260
         128.00            0.02           0.064 -0.8637904762707
         128.00            0.02           0.256 -1.7274828853731
         128.00            0.02           1.024 -3.4548677065892
         128.00            0.02           4.096 6.9094412281523
         128.00            0.02          16.384 13.8189805165508
         128.00            0.02          65.536 27.6380590951760
         128.00            0.02         262.144 -55.2764123827172
         128.00            0.02        1048.576 -110.5527266286997
         128.00            0.04           0.001 0.0905427653751
         128.00            0.04           0.004 0.1811825149458
         128.00            0.04           0.016 0.3624620425113
         128.00            0.04           0.064 -0.7252151939514
         128.00            0.04           0.256 -1.4503333397426
         128.00            0.04           1.024 -2.9005696348957
         128.00            0.04           4.096 -5.8010422269297
         128.00            0.04          16.384 11.6017933299986
         128.00            0.04          65.536 23.2036836999486
         128.00            0.04         262.144 -46.4076585220546
         128.00            0.04        1048.576 -92.8152200105108
         128.00            0.08           0.001 -0.0701633347154
         128.00            0.08           0.004 -0.1402310366780
         128.00            0.08           0.016 0.2801753545620
         128.00            0.08           0.064 0.5604462521540
         128.00            0.08           0.256 1.1209880563067
         128.00            0.08           1.024 2.2420716691046
         128.00            0.08           4.096 4.4842388969488
         128.00            0.08          16.384 -8.9687644757277
         128.00            0.08          65.536 17.9372422693443
         128.00            0.08         262.144 -35.8747712160068
         128.00            0.08        1048.576 71.7492558183001
         128.00            0.16           0.001 0.0519139875810
         128.00            0.16           0.004 0.1039218537523
         128.00            0.16           0.016 0.2079376322498
         128.00            0.16           0.064 0.4159692123303
         128.00            0.16           0.256 0.8320323840328
         128.00            0.16           1.024 -1.6643466750646
         128.00            0.16           4.096 3.3284114344504
         128.00            0.16          16.384 -6.6571047804143
         128.00            0.16          65.536 -13.3141155888335
         128.00            0.16         262.144 -26.6281372061867
         128.00            0.16        1048.576 53.2559925073847
         128.00            0.32           0.001 0.0377239377055
         128.00            0.32           0.004 -0.0757257268909
         128.00            0.32           0.016 0.1511734212344
         128.00            0.32           0.064 0.3024394696722
         128.00            0.32           0.256 -0.6051568964111
         128.00            0.32           1.024 -1.2102211278932
         128.00            0.32           4.096 -2.4203495946205
         128.00            0.32          16.384 4.8404212151663
         128.00            0.32          65.536 9.6809350867761
         128.00            0.32         262.144 -19.3621481442769
         128.00            0.32        1048.576 38.7240183205537
         128.00            0.64           0.001 -0.0272843845801
         128.00            0.64           0.004 -0.0544768699138
         128.00            0.64           0.016 0.1086784455433
         128.00            0.64           0.064 -0.2176320643685
         128.00            0.64           0.256 0.4349888949652
         128.00            0.64           1.024 -0.8702529934602
         128.00            0.64           4.096 1.7402307682982
         128.00            0.64          16.384 -3.4807367475550
         128.00            0.64          65.536 -6.9613817562386
         128.00            0.64         262.144 13.9224883004092
         128.00            0.64        1048.576 27.8450683288068
         128.00            1.28           0.001 -0.0195185516067
         128.00            1.28           0.004 0.0387634661994
         128.00            1.28           0.016 0.0776179615767
         128.00            1.28           0.064 0.1553270072618
         128.00            1.28           0.256 -0.3109274041948
         128.00            1.28           1.024 -0.6217636555969
         128.00            1.28           4.096 -1.2434361653049
         128.00            1.28          16.384 -2.4867811881669
         128.00            1.28          65.536 -4.9734712343698
         128.00            1.28         262.144 9.9466690533590
         128.00            1.28        1048.576 -19.8936115613999
         128.00            2.56           0.001 -0.0139164461708
         128.00            2.56           0.004 0.0275603126029
         128.00            2.56           0.016 -0.0553927495357
         128.00            2.56           0.064 -0.1106946644863
         128.00            2.56           0.256 0.2211170149400
         128.00            2.56           1.024 -0.4425062870192
         128.00            2.56           4.096 -0.8849218058534
         128.00            2.56          16.384 1.7695713305122
         128.00            2.56          65.536 -3.5394149405629
         128.00            2.56         262.144 7.0785576067713
         128.00            2.56        1048.576 -14.1573874638354
         128.00            5.12           0.001 0.0007739430273
         128.00            5.12           0.004 0.0016331467588
         128.00            5.12           0.016 -0.0035338511811
         128.00            5.12           0.064 -0.0069765492862
         128.00            5.12           0.256 -0.0138625357067
         128.00            5.12           1.024 -0.0276348037055
         128.00            5.12           4.096 -0.0551794873511
         128.00            5.12          16.384 -0.1102689252423
         128.00            5.12          65.536 -0.7573425527976
         128.00            5.12         262.144 -1.7002143593973
         128.00            5.12        1048.576 -3.0290998604020
         128.00           10.24           0.001 -0.0021544099131
         128.00           10.24           0.004 -0.0042168852037
         128.00           10.24           0.016 -0.0083428205090
         128.00           10.24           0.064 0.0164152544880
         128.00           10.24           0.256 0.0329202272573
         128.00           10.24           1.024 -0.0661102251866
         128.00           10.24           4.096 -0.1321304240844
         128.00           10.24          16.384 -0.2641708525343
         128.00           10.24          65.536 -0.5282519151275
         128.00           10.24         262.144 1.0562339144031
         128.00           10.24        1048.576 2.1125578573887
         256.00            0.01           0.001 0.1077351462133
         256.00            0.01           0.004 0.2158687323718
         256.00            0.01           0.016 0.4321362800150
         256.00            0.01           0.064 0.8646715629767
         256.00            0.01           0.256 -1.7305406040099
         256.00            0.01           1.024 -3.4606819703624
         256.00            0.01           4.096 6.9201663455779
         256.00            0.01          16.384 13.8407318700625
         256.00            0.01          65.536 27.6818629245123
         256.00            0.01         262.144 -55.3649234205166
         256.00            0.01        1048.576 110.7286492615114
         256.00            0.02           0.001 0.1068156273144
         256.00            0.02           0.004 -0.2148264827173
         256.00            0.02           0.016 -0.4292539241764
         256.00            0.02           0.064 0.8573116725035
         256.00            0.02           0.256 -1.7158192364895
         256.00            0.02           1.024 -3.4312397634715
         256.00            0.02           4.096 6.8612835169536
         256.00            0.02          16.384 -13.7237630088330
         256.00            0.02          65.536 27.4463300264494
         256.00            0.02         262.144 54.8930587049097
         256.00            0.02        1048.576 109.7865161221465
         256.00            0.04           0.001 0.0929003613416
         256.00            0.04           0.004 0.1792671578045
         256.00            0.04           0.016 -0.3597257663367
         256.00            0.04           0.064 0.7182594006173
         256.00            0.04           0.256 1.4369159893088
         256.00            0.04           1.024 -2.8750238267689
         256.00            0.04           4.096 -5.7496503235306
         256.00            0.04          16.384 -11.4989033313397
         256.00            0.04          65.536 22.9966147515415
         256.00            0.04         262.144 -45.9944214104485
         256.00            0.04        1048.576 -91.9884455377866
         256.00            0.08           0.001 -0.0721693295082
         256.00            0.08           0.004 0.1432323720033
         256.00            0.08           0.016 0.2868327044210
         256.00            0.08           0.064 0.5740336098038
         256.00            0.08           0.256 1.1484355408501
         256.00            0.08           1.024 2.2972394630790
         256.00            0.08           4.096 -4.5955842205700
         256.00            0.08          16.384 9.1900631014401
         256.00            0.08          65.536 -18.3812315195975
         256.00            0.08         262.144 -36.7620944093116
         256.00            0.08        1048.576 73.5230856670945
         256.00            0.16           0.001 0.0526431810818
         256.00            0.16           0.004 0.1056523063854
         256.00            0.16           0.016 -0.2124056970828
         256.00            0.16           0.064 0.4237093341539
         256.00            0.16           0.256 0.8477857505914
         256.00            0.16           1.024 1.6959386647674
         256.00            0.16           4.096 -3.3929790236795
         256.00            0.16          16.384 -6.7855907818770
         256.00            0.16          65.536 -13.5708143092853
         256.00            0.16         262.144 27.1405268767232
         256.00            0.16        1048.576 -54.2821554920490
         256.00            0.32           0.001 -0.0387040895642
         256.00            0.32           0.004 -0.0770406904250
         256.00            0.32           0.016 -0.1537147864216
         256.00            0.32           0.064 0.3063320242765
         256.00            0.32           0.256 0.6130295257050
         256.00            0.32           1.024 -1.2271560413882
         256.00            0.32           4.096 2.4532149252370
         256.00            0.32          16.384 -4.9075269240534
         256.00            0.32          65.536 9.8139567329952
         256.00            0.32         262.144 19.6282791651366
         256.00            0.32        1048.576 39.2569238293215
         256.00            0.64           0.001 -0.0278103593673
         256.00            0.64           0.004 0.0545257999263
         256.00            0.64           0.016 -0.1101428136517
         256.00            0.64           0.064 0.2191925620933
         256.00            0.64           0.256 -0.4394772634097
         256.00            0.64           1.024 0.8778619246730
         256.00            0.64           4.096 1.7560879214530
         256.00            0.64          16.384 -3.5132682521219
         256.00            0.64          65.536 7.0254440367948
         256.00            0.64         262.144 -14.0519805121409
         256.00            0.64        1048.576 -28.1035968579114
         256.00            1.28           0.001 0.0191839363149
         256.00            1.28           0.004 0.0387273524039
         256.00            1.28           0.016 -0.0785417047751
         256.00            1.28           0.064 -0.1567196484627
         256.00            1.28           0.256 -0.3130759643061
         256.00            1.28           1.024 -0.6257888101976
         256.00            1.28           4.096 1.2504888006461
         256.00            1.28          16.384 -2.5020662604319
         256.00            1.28          65.536 5.0030437815790
         256.00            1.28         262.144 10.0064504537886
         256.00            1.28        1048.576 20.0132638020855
         256.00            2.56           0.001 -0.0142442237688
         256.00            2.56           0.004 -0.0281216309278
         256.00            2.56           0.016 -0.0558788381681
         256.00            2.56           0.064 0.1106703848271
         256.00            2.56           0.256 0.2217022038448
         256.00            2.56           1.024 0.4437661407284
         256.00            2.56           4.096 0.8878941639254
         256.00            2.56          16.384 1.7761502850484
         256.00            2.56          65.536 3.5526625646332
         256.00            2.56         262.144 7.1056871425852
         256.00            2.56        1048.576 -14.2124603825788
         256.00            5.12           0.001 0.0005490792041
         256.00            5.12           0.004 0.0013853251406
         256.00            5.12           0.016 0.0114758568266
         256.00            5.12           0.064 -0.0240275805528
         256.00            5.12           0.256 -0.0534933447996
         256.00            5.12           1.024 -0.1182204251294
         256.00            5.12           4.096 -0.2128889223541
         256.00            5.12          16.384 -0.4254170764656
         256.00            5.12          65.536 -0.8504735390293
         256.00            5.12         262.144 -1.8861139309063
         256.00            5.12        1048.576 -3.4008124838728
         256.00           10.24           0.001 -0.0024431982935
         256.00           10.24           0.004 -0.0044946716006
         256.00           10.24           0.016 -0.0086132500376
         256.00           10.24           0.064 0.0161376654846
         256.00           10.24           0.256 -0.0333523156908
         256.00           10.24           1.024 0.0656217140326
         256.00           10.24           4.096 0.1316027518438
         256.00           10.24          16.384 0.2635653263921
         256.00           10.24          65.536 0.5274907328415
         256.00           10.24         262.144 1.0553416541168
         256.00           10.24        1048.576 2.1110435607247
         512.00            0.01           0.001 -0.1137627391187
         512.00            0.01           0.004 0.2230715911760
         512.00            0.01           0.016 -0.4505823346595
         512.00            0.01           0.064 0.8967181496549
         512.00            0.01           0.256 -1.7978791352182
         512.00            0.01           1.024 3.5913135926250
         512.00            0.01           4.096 -7.1870709420496
         512.00            0.01          16.384 14.3696976679698
         512.00            0.01          65.536 28.7408766197717
         512.00            0.01         262.144 -57.4861972798861
         512.00            0.01        1048.576 -114.9709131568992
         512.00            0.02           0.001 -0.1127733149713
         512.00            0.02           0.004 -0.2240555011893
         512.00            0.02           0.016 -0.4466248293040
         512.00            0.02           0.064 0.8888035289076
         512.00            0.02           0.256 1.7790870361379
         512.00            0.02           1.024 -3.5626171045842
         512.00            0.02           4.096 -7.1237526817979
         512.00            0.02          16.384 -14.2460239929137
         512.00            0.02          65.536 28.4876042559601
         512.00            0.02         262.144 -56.9796521192012
         512.00            0.02        1048.576 113.9548607065302
         512.00            0.04           0.001 0.0916977475045
         512.00            0.04           0.004 0.1848645240569
         512.00            0.04           0.016 0.3712039969120
         512.00            0.04           0.064 0.7438859028200
         512.00            0.04           0.256 -1.4922129334210
         512.00            0.04           1.024 2.9799825186955
         512.00            0.04           4.096 -5.9644072750837
         512.00            0.04          16.384 -11.9273334953421
         512.00            0.04          65.536 23.8502242918379
         512.00            0.04         262.144 -47.7048911312053
         512.00            0.04        1048.576 95.4053397439254
         512.00            0.08           0.001 0.0702244199734
         512.00            0.08           0.004 0.1419135615444
         512.00            0.08           0.016 0.2852995407540
         512.00            0.08           0.064 -0.5750355793013
         512.00            0.08           0.256 -1.1485891183013
         512.00            0.08           1.024 -2.2956971585971
         512.00            0.08           4.096 4.5869534890277
         512.00            0.08          16.384 -9.1783470847814
         512.00            0.08          65.536 -18.3552139341621
         512.00            0.08         262.144 36.7059874551058
         512.00            0.08        1048.576 73.4134548885913
         512.00            0.16           0.001 -0.0543876044289
         512.00            0.16           0.004 -0.1072757724029
         512.00            0.16           0.016 0.2101054793495
         512.00            0.16           0.064 -0.4246413521197
         512.00            0.16           0.256 0.8448444757596
         512.00            0.16           1.024 1.6911661844269
         512.00            0.16           4.096 -3.3867673322288
         512.00            0.16          16.384 6.7690987214651
         512.00            0.16          65.536 13.5396758182906
         512.00            0.16         262.144 -27.0837871601845
         512.00            0.16        1048.576 -54.1660958408651
         512.00            0.32           0.001 -0.0400541590600
         512.00            0.32           0.004 -0.0786311346739
         512.00            0.32           0.016 -0.1557987999289
         512.00            0.32           0.064 -0.3101409889073
         512.00            0.32           0.256 -0.6188287961437
         512.00            0.32           1.024 -1.2362061252183
         512.00            0.32           4.096 -2.4709616406756
         512.00            0.32          16.384 -4.9404731001962
         512.00            0.32          65.536 9.8765967267757
         512.00            0.32         262.144 -19.7575426137543
         512.00            0.32        1048.576 -39.5136354385375
         512.00            0.64           0.001 -0.0290549973655
         512.00            0.64           0.004 0.0537260363227
         512.00            0.64           0.016 -0.1117784941932
         512.00            0.64           0.064 -0.2220988657966
         512.00            0.64           0.256 0.4398473420801
         512.00            0.64           1.024 -0.8840378806088
         512.00            0.64           4.096 1.7637289684294
         512.00            0.64          16.384 3.5289058688533
         512.00            0.64          65.536 7.0592599694215
         512.00            0.64         262.144 -14.1228653801052
         512.00            0.64        1048.576 28.2413850938525
         512.00            1.28           0.001 0.0182019327155
         512.00            1.28           0.004 -0.0406910742132
         512.00            1.28           0.016 0.0770142594867
         512.00            1.28           0.064 -0.1583560108095
         512.00            1.28           0.256 -0.3152583047193
         512.00            1.28           1.024 -0.6290662591455
         512.00            1.28           4.096 1.2537898832435
         512.00            1.28          16.384 2.5090259089413
         512.00            1.28          65.536 -5.0223923488709
         512.00            1.28         262.144 -10.0433375043262
         512.00            1.28        1048.576 20.0823339605897
         512.00            2.56           0.001 -0.0154074011729
         512.00            2.56           0.004 -0.0292936910849
         512.00            2.56           0.016 -0.0571040670301
         512.00            2.56           0.064 -0.1127437497404
         512.00            2.56           0.256 -0.2240325827315
         512.00            2.56           1.024 0.4437240819373
         512.00            2.56           4.096 0.8888912477010
         512.00            2.56          16.384 1.7792267623331
         512.00            2.56          65.536 3.5598983831526
         512.00            2.56         262.144 7.1212419203375
         512.00            2.56        1048.576 14.2439291441390
         512.00            5.12           0.001 0.0000182018757
         512.00            5.12           0.004 0.0045910473479
         512.00            5.12           0.016 0.0104496381711
         512.00            5.12           0.064 0.0251508013802
         512.00            5.12           0.256 -0.0545877597926
         512.00            5.12           1.024 -0.0961114321467
         512.00            5.12           4.096 -0.2139765185795
         512.00            5.12          16.384 -0.4265063198430
         512.00            5.12          65.536 -0.9443369702832
         512.00            5.12         262.144 0.4389634093036
         512.00            5.12        1048.576 4.4885978301290
         512.00           10.24           0.001 -0.0038168700728
         512.00           10.24           0.004 0.0028469969882
         512.00           10.24           0.016 0.0068887870516
         512.00           10.24           0.064 -0.0179768129582
         512.00           10.24           0.256 -0.0344488000394
         512.00           10.24           1.024 -0.0674243200831
         512.00           10.24           4.096 -0.1333911695623
         512.00           10.24          16.384 -0.2653327598431
         512.00           10.24          65.536 -0.5292199430010
         512.00           10.24         262.144 -1.0569962138748
         512.00           10.24        1048.576 -2.1125495346169
        1024.00            0.01           0.001 -0.1193212630622
        1024.00            0.01           0.004 -0.2326863673908
        1024.00            0.01           0.016 0.4478772397718
        1024.00            0.01           0.064 0.9015241135534
        1024.00            0.01           0.256 -1.8204504287700
        1024.00            0.01           1.024 -3.6350845731590
        1024.00            0.01           4.096 -7.2643575271074
        1024.00            0.01          16.384 -14.5229057676005
        1024.00            0.01          65.536 29.0283895110741
        1024.00            0.01         262.144 58.0625853771006
        1024.00            0.01        1048.576 116.1309774107527
        1024.00            0.02           0.001 -0.1183202902787
        1024.00            0.02           0.004 -0.2306831271328
        1024.00            0.02           0.016 0.4438701978184
        1024.00            0.02           0.064 0.8935096621841
        1024.00            0.02           0.256 1.7928074168927
        1024.00            0.02           1.024 3.5914123394174
        1024.00            0.02           4.096 -7.2002407304907
        1024.00            0.02          16.384 -14.3946721899224
        1024.00            0.02          65.536 28.7719224356010
        1024.00            0.02         262.144 57.5496512315765
        1024.00            0.02        1048.576 115.1051090291042
        1024.00            0.04           0.001 -0.1000362538219
        1024.00            0.04           0.004 -0.1940859030513
        1024.00            0.04           0.016 0.3706613706244
        1024.00            0.04           0.064 -0.7586982613930
        1024.00            0.04           0.256 1.4999535377976
        1024.00            0.04           1.024 3.0057026631641
        1024.00            0.04           4.096 -6.0288201988892
        1024.00            0.04          16.384 -12.0518307563889
        1024.00            0.04          65.536 24.0862395974630
        1024.00            0.04         262.144 48.1782853358022
        1024.00            0.04        1048.576 96.3623769758625
        1024.00            0.08           0.001 0.0667572330948
        1024.00            0.08           0.004 0.1390875888311
        1024.00            0.08           0.016 0.2838649422133
        1024.00            0.08           0.064 0.5734780739838
        1024.00            0.08           0.256 -1.1643468529903
        1024.00            0.08           1.024 2.3112591560147
        1024.00            0.08           4.096 -4.6399309393354
        1024.00            0.08          16.384 -9.2740515784731
        1024.00            0.08          65.536 18.5306813913879
        1024.00            0.08         262.144 37.0671684746608
        1024.00            0.08        1048.576 74.1401433425212
        1024.00            0.16           0.001 0.0478134076777
        1024.00            0.16           0.004 -0.1127293558462
        1024.00            0.16           0.016 -0.2194940174149
        1024.00            0.16           0.064 0.4214900000608
        1024.00            0.16           0.256 0.8487466315568
        1024.00            0.16           1.024 -1.7148922301003
        1024.00            0.16           4.096 3.4123557703204
        1024.00            0.16          16.384 6.8305128473219
        1024.00            0.16          65.536 -13.6784420018451
        1024.00            0.16         262.144 -27.3510764960330
        1024.00            0.16        1048.576 54.6847337078435
        1024.00            0.32           0.001 -0.0446696636690
        1024.00            0.32           0.004 -0.0830967570146
        1024.00            0.32           0.016 -0.1601687430002
        1024.00            0.32           0.064 -0.3144222706780
        1024.00            0.32           0.256 -0.6229841845706
        1024.00            0.32           1.024 1.2285244977897
        1024.00            0.32           4.096 2.4628407519120
        1024.00            0.32          16.384 4.9314801205966
        1024.00            0.32          65.536 -9.8803732340688
        1024.00            0.32         262.144 -19.7549393016775
        1024.00            0.32        1048.576 -39.5040722167033
        1024.00            0.64           0.001 -0.0337769293879
        1024.00            0.64           0.004 -0.0611406601799
        1024.00            0.64           0.016 -0.1161707964911
        1024.00            0.64           0.064 -0.2263841578634
        1024.00            0.64           0.256 -0.4468876395773
        1024.00            0.64           1.024 0.8763252838261
        1024.00            0.64           4.096 -1.7700429481581
        1024.00            0.64          16.384 -3.5342724328519
        1024.00            0.64          65.536 -7.0627362016103
        1024.00            0.64         262.144 -14.1196661412331
        1024.00            0.64        1048.576 -28.2335272566751
        1024.00            1.28           0.001 0.0144307103834
        1024.00            1.28           0.004 -0.0452841811996
        1024.00            1.28           0.016 0.0727358206409
        1024.00            1.28           0.064 0.1510562366513
        1024.00            1.28           0.256 0.3078049136348
        1024.00            1.28           1.024 -0.6329573093720
        1024.00            1.28           4.096 1.2484860544332
        1024.00            1.28          16.384 2.5027591043078
        1024.00            1.28          65.536 5.0113119659893
        1024.00            1.28         262.144 -10.0400220595894
        1024.00            1.28        1048.576 20.0626407424730
        1024.00            2.56           0.001 0.0089347565357
        1024.00            2.56           0.004 0.0224819440869
        1024.00            2.56           0.016 -0.0615913537478
        1024.00            2.56           0.064 -0.1173053839758
        1024.00            2.56           0.256 -0.2286865741523
        1024.00            2.56           1.024 -0.4515240789751
        1024.00            2.56           4.096 -0.8972366748767
        1024.00            2.56          16.384 1.7771328799204
        1024.00            2.56          65.536 3.5600302532338
        1024.00            2.56         262.144 7.1258296970973
        1024.00            2.56        1048.576 14.2574309421653
        1024.00            5.12           0.001 -0.0105632849969
        1024.00            5.12           0.004 -0.0007447445802
        1024.00            5.12           0.016 0.0000726013201
        1024.00            5.12           0.064 0.0212151395541
        1024.00            5.12           0.256 -0.0648869710547
        1024.00            5.12           1.024 -0.1461613049202
        1024.00            5.12           4.096 -0.2415391200701
        1024.00            5.12          16.384 -0.5228316789283
        1024.00            5.12          65.536 -1.1282954362825
        1024.00            5.12         262.144 -2.0739444236421
        1024.00            5.12        1048.576 4.1305790497071
        1024.00           10.24           0.001 -0.0006178503532
        1024.00           10.24           0.004 0.0004990768261
        1024.00           10.24           0.016 0.0037337216450
        1024.00           10.24           0.064 0.0113871263177
        1024.00           10.24           0.256 -0.0390877304602
        1024.00           10.24           1.024 -0.0719053958104
        1024.00           10.24           4.096 -0.1377910449489
        1024.00           10.24          16.384 -0.2696885401051
        1024.00           10.24          65.536 -0.5335467753545
        1024.00           10.24         262.144 -1.0612949040622
        1024.00           10.24        1048.576 -2.1168068413339
